image_width: 640
image_height: 480
camera_name: camera
camera_matrix:
  rows: 3
  cols: 3
  data: [580.249960992551, 0, 318.936703951761, 0, 580.387895675404, 245.905020973391, 0, 0, 1]
distortion_model: plumb_bob
distortion_coefficients:
  rows: 1
  cols: 5
  data: [0.00165586647940527, -0.0433106317575458, 0.00199243699359635, 0.000185437240776161, 0]
rectification_matrix:
  rows: 3
  cols: 3
  data: [0.999047307472049, -0.026661371597155, -0.0345492213719509, 0.0267730339019003, 0.999637691086902, 0.00277330383020502, 0.0344627637971383, -0.00369564919944376, 0.999399149533587]
projection_matrix:
  rows: 3
  cols: 4
  data: [598.684250427549, 0, 350.458801269531, -87.2488224929297, 0, 598.684250427549, 241.564445495605, 0, 0, 0, 1, 0]