simple_trajectory: {
    ShotStart: {
        j0: 0.248951941729,
        j1: 0.415276825428,
        j2: 0.000596731435508,
        j3: -0.216578111053,
        j4: -0.076529122889,
        j5: -0.0836793035269,
        j6: -0.0101269800216
    },

    ShotEnd: {
        j0: 0.248951941729,
        j1: 0.415276825428,
        j2: 0.000596731435508,
        j3: -0.216578111053,
        j4: -0.076529122889,
        j5: -0.0836793035269,
        j6: -0.2101269800216
    }    
}
